每幅图像的标定误差：
第1幅图像的平均误差：0.0311434像素
第2幅图像的平均误差：0.0424182像素
第3幅图像的平均误差：0.0327612像素
第4幅图像的平均误差：0.0332956像素
第5幅图像的平均误差：0.0365688像素
第6幅图像的平均误差：0.064755像素
第7幅图像的平均误差：0.0422262像素
第8幅图像的平均误差：0.0481969像素
第9幅图像的平均误差：0.0278673像素
第10幅图像的平均误差：0.0332544像素
第11幅图像的平均误差：0.0313191像素
第12幅图像的平均误差：0.0371592像素
第13幅图像的平均误差：0.0246666像素
第14幅图像的平均误差：0.0397374像素
第15幅图像的平均误差：0.0370379像素
第16幅图像的平均误差：0.475295像素
第17幅图像的平均误差：0.0301147像素
第18幅图像的平均误差：0.032423像素
第19幅图像的平均误差：0.901147像素
第20幅图像的平均误差：0.0250868像素
第21幅图像的平均误差：0.0392366像素
第22幅图像的平均误差：0.0492526像素
第23幅图像的平均误差：0.0644487像素
第24幅图像的平均误差：0.0353732像素
第25幅图像的平均误差：0.0214219像素
第26幅图像的平均误差：0.0584332像素
第27幅图像的平均误差：0.0461835像素
第28幅图像的平均误差：0.0736908像素
第29幅图像的平均误差：0.0276944像素
第30幅图像的平均误差：0.0243711像素
第31幅图像的平均误差：0.0276589像素
第32幅图像的平均误差：0.0261993像素
第33幅图像的平均误差：0.0428561像素
第34幅图像的平均误差：0.0395948像素
第35幅图像的平均误差：0.0197152像素
第36幅图像的平均误差：0.0394046像素
第37幅图像的平均误差：0.0218678像素
第38幅图像的平均误差：0.0265943像素
第39幅图像的平均误差：0.0374823像素
第40幅图像的平均误差：0.0248242像素
第41幅图像的平均误差：0.0254633像素
第42幅图像的平均误差：0.0238692像素
第43幅图像的平均误差：0.0459521像素
第44幅图像的平均误差：0.0226713像素
第45幅图像的平均误差：0.0307355像素
第46幅图像的平均误差：0.0463879像素
第47幅图像的平均误差：0.0289396像素
第48幅图像的平均误差：0.0377301像素
第49幅图像的平均误差：0.0237469像素
第50幅图像的平均误差：0.0346989像素
第51幅图像的平均误差：0.0256918像素
第52幅图像的平均误差：0.0254545像素
第53幅图像的平均误差：0.0614458像素
第54幅图像的平均误差：0.0253327像素
第55幅图像的平均误差：0.0327497像素
第56幅图像的平均误差：0.0232887像素
第57幅图像的平均误差：0.0205945像素
第58幅图像的平均误差：0.0506747像素
总体平均误差：0.0579001像素

相机内参数矩阵：
[615.1652532785021, 0, 642.8354574744615;
 0, 616.3511032585332, 367.8530193409831;
 0, 0, 1]

畸变系数：
[0.06731501097741781, -0.002182209691137272, 0.0004802296108567319, 0.00234586383004922, -0.01303295315012109]


第1幅图像的旋转向量：
[-1.782335935937038;
 -2.543572830351556;
 0.2106980533062405]
第1幅图像的旋转矩阵：
[-0.3441149229631265, 0.9334976498838957, -0.1008318275909219;
 0.9373652254165762, 0.3353630855889186, -0.09422332515896147;
 -0.05414197977367524, -0.1269399010773355, -0.9904316773713688]
第1幅图像的平移向量：
[118.6297168400481;
 -66.97673920559794;
 1276.057284991342]

第2幅图像的旋转向量：
[-0.8013435279727144;
 1.986089845284009;
 -0.1607273301529865]
第2幅图像的旋转矩阵：
[-0.3302653717144298, -0.4705142723889272, 0.8182549136575032;
 -0.5959668176512921, 0.7761938223022359, 0.2057831443010762;
 -0.7319483154601294, -0.4196897302748359, -0.536760834820234]
第2幅图像的平移向量：
[-359.5259474482291;
 -31.9034819960588;
 836.4561588346463]

第3幅图像的旋转向量：
[-1.463865376391734;
 2.515662071846508;
 -1.230893219625319]
第3幅图像的旋转矩阵：
[-0.5707074030245414, -0.7446743796060075, 0.3460536497299107;
 -0.7302179321846954, 0.2674781705661829, -0.6286789321955012;
 0.3755992966565449, -0.6114863012602786, -0.696426357716401]
第3幅图像的平移向量：
[-687.0166369541066;
 54.10154146902364;
 1055.393863997935]

第4幅图像的旋转向量：
[-0.5280409831119576;
 2.559176576357212;
 -1.313894449753036]
第4幅图像的旋转矩阵：
[-0.9121697949647724, -0.2156190386228114, 0.3485035083572325;
 -0.4088622305020252, 0.5366944342236921, -0.7380994246998295;
 -0.02789160488092932, -0.8157619226567793, -0.577714933094585]
第4幅图像的平移向量：
[-268.9240912390773;
 418.2546447819064;
 1231.429454868317]

第5幅图像的旋转向量：
[0.04204222844633311;
 -2.703821892338455;
 1.563923780596557]
第5幅图像的旋转矩阵：
[-0.9994799081467459, -0.0321914416221962, -0.001903758718174286;
 -0.01440109287076449, 0.4983885547283922, -0.8668341577486848;
 0.02885345274139486, -0.8663559081590134, -0.4985929388417681]
第5幅图像的平移向量：
[142.8836660371994;
 204.3860447147711;
 1286.530173550908]

第6幅图像的旋转向量：
[-0.4549090938132331;
 -2.45012330472908;
 -0.3704685959469751]
第6幅图像的旋转矩阵：
[-0.7534965174288365, 0.403994761586696, -0.5186822060116617;
 0.2325870890409745, 0.9017100720190242, 0.3644477905419277;
 0.6149359675885459, 0.1539713565243731, -0.7733993645820919]
第6幅图像的平移向量：
[70.51243843969084;
 -121.8717201575655;
 362.8156678217661]

第7幅图像的旋转向量：
[0.9129864615857116;
 2.583334789187699;
 -0.02139474478638396]
第7幅图像的旋转矩阵：
[-0.7072213820749838, 0.6063665265640843, 0.3635348019083696;
 0.6002622970826701, 0.7866632036100709, -0.1443820583970751;
 -0.3735278991413978, 0.1161061563766009, -0.9203240021940459]
第7幅图像的平移向量：
[113.0402317399272;
 -78.48527932880285;
 800.7111302066967]

第8幅图像的旋转向量：
[-2.149253808977503;
 -1.999617255265427;
 0.2305086093608899]
第8幅图像的旋转矩阵：
[0.07450414917890702, 0.9663893022859144, -0.2460504992526346;
 0.9970257995201989, -0.06730857060696949, 0.0375381327979237;
 0.01971514256187547, -0.2481154423855762, -0.9685298345449017]
第8幅图像的平移向量：
[922.4811558502673;
 -621.5418915243519;
 1307.819113047763]

第9幅图像的旋转向量：
[-1.618705406209507;
 -1.567928309807178;
 -0.2895470928109686]
第9幅图像的旋转矩阵：
[0.1898165936389877, 0.9061987728669578, -0.3778537347092268;
 0.7114765998383521, 0.1382501276127348, 0.6889760156184824;
 0.6765875469307341, -0.399613170790806, -0.6184970534034658]
第9幅图像的平移向量：
[794.1357748731741;
 -648.1161902236221;
 1380.702618252513]

第10幅图像的旋转向量：
[-1.424617488753603;
 -2.274782668696446;
 -1.091747605400614]
第10幅图像的旋转矩阵：
[-0.494092702886217, 0.8515431386490885, 0.1753473238297403;
 0.6695003629848232, 0.2439951899536388, 0.7015950479034739;
 0.5546545455666821, 0.4640480905026408, -0.6906646833182295]
第10幅图像的平移向量：
[618.9880532961374;
 -580.3193512391306;
 1281.522644215424]

第11幅图像的旋转向量：
[-0.9168251362266071;
 2.844025603544523;
 -0.553277035089738]
第11幅图像的旋转矩阵：
[-0.813178673218959, -0.5445414389506795, 0.2054630543123915;
 -0.5818536644258843, 0.7523237151217839, -0.308958477565396;
 0.01366596560890471, -0.3707878759221777, -0.9286170321790872]
第11幅图像的平移向量：
[-828.757739938507;
 447.831109773046;
 1286.023387327025]

第12幅图像的旋转向量：
[-1.876513402063227;
 1.411513130488274;
 -0.3278544257338769]
第12幅图像的旋转矩阵：
[0.3584325853644442, -0.7129293361843901, 0.6027087550024847;
 -0.9055940989429604, -0.1087008177968343, 0.4099798289794109;
 -0.2267717127611994, -0.6927596219598715, -0.6845865149660544]
第12幅图像的平移向量：
[-488.0576892356741;
 -56.6109901381023;
 771.9549693531118]

第13幅图像的旋转向量：
[-2.33081220187383;
 0.9976403392626855;
 -0.7317040637143564]
第13幅图像的旋转矩阵：
[0.587565414859577, -0.4929337826402761, 0.6417033342541096;
 -0.7601576946137675, -0.6080733965502286, 0.2289258039788227;
 0.2773574635382557, -0.6223046121794512, -0.7319903053181838]
第13幅图像的平移向量：
[-795.4130004945755;
 -142.0796794576355;
 1165.529424082812]

第14幅图像的旋转向量：
[-2.520259794863971;
 1.734658072916813;
 0.2155796063975111]
第14幅图像的旋转矩阵：
[0.3512902532388532, -0.9333952395517672, -0.07326994446211441;
 -0.9229358917082008, -0.3583853367562307, 0.1405321678296876;
 -0.1574309301762856, 0.01825588070245591, -0.987361243438088]
第14幅图像的平移向量：
[-993.0550738120604;
 -76.91775841589049;
 1246.114821656631]

第15幅图像的旋转向量：
[-0.2740109381977583;
 3.176123926431696;
 -0.02819175552800346]
第15幅图像的旋转矩阵：
[-0.9841545602834297, -0.1715743719500127, -0.04474412099134151;
 -0.1707530901717868, 0.9850770309968979, -0.02160150918622806;
 0.04778267123251618, -0.01361902684833887, -0.9987649064908065]
第15幅图像的平移向量：
[-1105.193588677223;
 537.7576918743634;
 1670.256145054266]

第16幅图像的旋转向量：
[0.7279753618480138;
 -2.427967516795408;
 0.2853853506849936]
第16幅图像的旋转矩阵：
[-0.6813889662115317, -0.5595827708867509, -0.471779820734086;
 -0.4349358543231185, 0.8279939266767062, -0.3539164590842148;
 0.5886763791332206, -0.03596081079725166, -0.8075685362477943]
第16幅图像的平移向量：
[-798.5985404057789;
 554.2389700558832;
 1333.357688696615]

第17幅图像的旋转向量：
[-0.5706422756445374;
 2.488856748931093;
 -0.3452943333207291]
第17幅图像的旋转矩阵：
[-0.7541614360686756, -0.3228569403325347, 0.5718425696168019;
 -0.4663372000801339, 0.8764012339192241, -0.1202102034200154;
 -0.4623528351467676, -0.3573293624430749, -0.8115082147259949]
第17幅图像的平移向量：
[-798.4821272721634;
 352.9950164908709;
 1326.768299067403]

第18幅图像的旋转向量：
[-0.6093794593628649;
 3.071790813846737;
 -0.03494820805372476]
第18幅图像的旋转矩阵：
[-0.9242353467075455, -0.3815701453432603, 0.01390136968454683;
 -0.3817876525385666, 0.9240337988522004, -0.01999317253115553;
 -0.005216537690274733, -0.02378576804505023, -0.9997034685210575]
第18幅图像的平移向量：
[-486.6589626156926;
 409.4715329293863;
 1323.601980718381]

第19幅图像的旋转向量：
[-0.64890866133225;
 2.945119849490064;
 1.038454977799362]
第19幅图像的旋转矩阵：
[-0.9161153742895644, -0.3598927115777929, -0.1766631176660114;
 -0.3911059673400863, 0.7053809939536639, 0.591163070294412;
 -0.08814047481870513, 0.610667576937014, -0.7869665603928855]
第19幅图像的平移向量：
[-499.1022995182027;
 501.7031629078089;
 1210.279117433972]

第20幅图像的旋转向量：
[-0.3392201540591221;
 3.053382034634752;
 0.004360623838631054]
第20幅图像的旋转矩阵：
[-0.9732367402358888, -0.2193177694217124, 0.06862917361374699;
 -0.2191208525585255, 0.9756414703509531, 0.0104772756695217;
 -0.06925532058294281, -0.004841213413473208, -0.9975872208602309]
第20幅图像的平移向量：
[-224.0011897819353;
 19.72616907010274;
 1288.293623677526]

第21幅图像的旋转向量：
[-1.288061613935831;
 2.650532263396457;
 -0.4831599470099667]
第21幅图像的旋转矩阵：
[-0.6181174756241952, -0.7360291184114273, 0.2760288448305174;
 -0.7860844292355563, 0.5781152512368709, -0.2187556317006264;
 0.00143402977032922, -0.3521986557865145, -0.9359241691615779]
第21幅图像的平移向量：
[-243.205415938765;
 43.7355157217651;
 725.9030430255173]

第22幅图像的旋转向量：
[-1.077015329723412;
 2.442414077537553;
 -0.09333807403056596]
第22幅图像的旋转矩阵：
[-0.5837711677630928, -0.6815209193083857, 0.4412940745507102;
 -0.7132125634892247, 0.6901771530885341, 0.1224064403360156;
 -0.387993637795317, -0.2432791275462379, -0.8889748045533674]
第22幅图像的平移向量：
[-468.7870406774446;
 -22.8701523772278;
 856.6535358171797]

第23幅图像的旋转向量：
[1.413886969754123;
 -2.438639670667496;
 -0.2427142190581384]
第23幅图像的旋转矩阵：
[-0.4642511160040189, -0.81426703824048, -0.3484825558390259;
 -0.8669806320369489, 0.4982563248380892, -0.009231382976197577;
 0.1811504484174293, 0.2978419466662098, -0.9372698063227296]
第23幅图像的平移向量：
[75.09729800328329;
 7.702225453094711;
 340.4219320036274]

第24幅图像的旋转向量：
[-3.09064110892844;
 0.002703762089347837;
 0.07319898367427941]
第24幅图像的旋转矩阵：
[0.9988779329099741, -0.002932922797523857, -0.04726809822028208;
 -0.0005622096833545313, -0.9987445468995839, 0.05009005848086669;
 -0.04735566561426849, -0.05000727949217461, -0.9976255374297618]
第24幅图像的平移向量：
[-226.1644535696228;
 -574.4888624911088;
 1275.04138844336]

第25幅图像的旋转向量：
[-2.326720239576277;
 0.03002832182168994;
 -0.1669024786052999]
第25幅图像的旋转矩阵：
[0.9910675421860088, 0.03005237137351194, 0.1299306807502076;
 -0.07345494108769718, -0.6901588965787372, 0.7199201824529041;
 0.1113081239406486, -0.7230335762936936, -0.6817865861813099]
第25幅图像的平移向量：
[-185.7129301199076;
 -477.3556218122591;
 1113.796232049844]

第26幅图像的旋转向量：
[-2.219070252721455;
 0.450045531593241;
 -0.443478804194151]
第26幅图像的旋转矩阵：
[0.8746389124706256, -0.1712087547675689, 0.4535353735742568;
 -0.4560027576301648, -0.6080766141524547, 0.649849456685602;
 0.1645243380958797, -0.7751970030978096, -0.609919132805561]
第26幅图像的平移向量：
[-159.0752385195913;
 -29.95996789760881;
 582.5310700471839]

第27幅图像的旋转向量：
[-0.5821590536361505;
 2.866008923339253;
 0.09159526172879556]
第27幅图像的旋转矩阵：
[-0.8985879361092822, -0.3919555222563249, 0.197257673238919;
 -0.3785601440773518, 0.9198071522890421, 0.1031843976289916;
 -0.2218827131504281, 0.01804636170242675, -0.9749063495712345]
第27幅图像的平移向量：
[-561.8889551029152;
 -358.5821246241681;
 868.9712207807554]

第28幅图像的旋转向量：
[-1.228833361823797;
 2.024555275926253;
 0.9852862737824782]
第28幅图像的旋转矩阵：
[-0.416462996931691, -0.9044910823529, 0.0919481056398338;
 -0.4857273576056798, 0.3068523519731946, 0.8184806461743142;
 -0.768522938018169, 0.2962051924470576, -0.5671287135274701]
第28幅图像的平移向量：
[-503.4582260485028;
 -232.1917391566228;
 867.6276432664946]

第29幅图像的旋转向量：
[-0.01011164913709727;
 3.133809488652811;
 -0.03029136821523764]
第29幅图像的旋转矩阵：
[-0.9999501446111272, -0.006378845007432977, 0.007682358267941203;
 -0.006526154457840095, 0.9997923395856445, -0.01930510331118366;
 -0.007557618684365534, -0.0193542771044079, -0.9997841238775437]
第29幅图像的平移向量：
[-52.95299278893648;
 -444.731851295526;
 1273.062153762259]

第30幅图像的旋转向量：
[-2.233662014817061;
 -2.15572786475879;
 0.08904410486865494]
第30幅图像的旋转矩阵：
[0.0349615132430402, 0.9971898480275512, -0.06625782657577775;
 0.9992572361275287, -0.03595516341903693, -0.01386370333937798;
 -0.01620705520841567, -0.06572391660803156, -0.9977062183564718]
第30幅图像的平移向量：
[789.2058616068472;
 -241.0221524164716;
 1303.489012178061]

第31幅图像的旋转向量：
[-2.137596093490785;
 -1.797400463999489;
 0.3660891853346848]
第31幅图像的旋转矩阵：
[0.174015190937283, 0.9017089721197593, -0.3957772642810446;
 0.984675064837667, -0.1546114041390011, 0.08068661845128169;
 0.01156416923073961, -0.4037527006830957, -0.9147950735990599]
第31幅图像的平移向量：
[410.3353675038765;
 -256.3812479422522;
 1063.762713001006]

第32幅图像的旋转向量：
[-1.65571030807361;
 -2.182883737662881;
 0.6122183071958389]
第32幅图像的旋转矩阵：
[-0.2682294244786637, 0.8202565932915851, -0.5052050049292149;
 0.9633422347597032, 0.2310893810422351, -0.1362697203992787;
 0.004971375265022393, -0.5232368671368637, -0.8521727913379858]
第32幅图像的平移向量：
[464.4171390379385;
 62.01958874568543;
 1145.99652573014]

第33幅图像的旋转向量：
[-0.5494021278250408;
 2.82582352484962;
 0.170788531391706]
第33幅图像的旋转矩阵：
[-0.8955632267037896, -0.3822967567071476, 0.2276306147843316;
 -0.3520988423348538, 0.9217097509533616, 0.1627192066842399;
 -0.2720163822315718, 0.06557686183928453, -0.9600556041130945]
第33幅图像的平移向量：
[-801.3499341760354;
 -52.56480405455251;
 1249.516955520847]

第34幅图像的旋转向量：
[-1.578676045163088;
 -2.341819123674812;
 0.4501336975601575]
第34幅图像的旋转矩阵：
[-0.3631715148867974, 0.8424489491199117, -0.3979776613097584;
 0.9299590854692789, 0.3540185089395541, -0.09923202447474824;
 0.05729354351033855, -0.4061411866026035, -0.9120124924676516]
第34幅图像的平移向量：
[290.890126967475;
 187.666219423123;
 849.995799364631]

第35幅图像的旋转向量：
[-1.047463710345535;
 -2.669328050272926;
 0.6373580263774263]
第35幅图像的旋转矩阵：
[-0.7275696793574775, 0.5973636036004502, -0.3373412023058283;
 0.6853298025366479, 0.6551517240397096, -0.317961130081769;
 0.03107126380977482, -0.4625288570254625, -0.8860596102881468]
第35幅图像的平移向量：
[709.9921227260271;
 508.8365142439957;
 1467.495810878117]

第36幅图像的旋转向量：
[2.292230464178112;
 1.960224174719998;
 -0.7425533286098851]
第36幅图像的旋转矩阵：
[0.08946918966958084, 0.9396041242387542, -0.3303624582385117;
 0.9226632140331729, -0.2031036523269522, -0.3277827022303465;
 -0.375083800729709, -0.2754868347579905, -0.8851096803815782]
第36幅图像的平移向量：
[805.1816665135407;
 596.0991329863516;
 1612.693070650839]

第37幅图像的旋转向量：
[-0.7764121683911605;
 -2.136372167980785;
 0.4794725846951675]
第37幅图像的旋转矩阵：
[-0.4952976564142491, 0.3666781458820106, -0.7875451535518985;
 0.668060513397328, 0.7402682041854844, -0.07548600076368775;
 0.5553155697347687, -0.5635158588757977, -0.611616297040572]
第37幅图像的平移向量：
[668.7430569925066;
 395.374636195805;
 1407.492526579305]

第38幅图像的旋转向量：
[-1.837425124973203;
 -1.94372630500145;
 0.1195057958779273]
第38幅图像的旋转矩阵：
[-0.002083088792967591, 0.9237294053317742, -0.383040006352454;
 0.9636954459129277, 0.1041248711054342, 0.2458639842351064;
 0.2669957832396694, -0.3686217532141641, -0.8904107225261562]
第38幅图像的平移向量：
[926.5192292412786;
 -504.5379454312875;
 1316.606710573672]

第39幅图像的旋转向量：
[-1.948738508031254;
 -1.853785945263841;
 0.2195387473451935]
第39幅图像的旋转矩阵：
[0.08915737635895726, 0.9093798766147094, -0.4062993997645127;
 0.9791273732646324, -0.005217026102694367, 0.2031806328431555;
 0.1826487042513267, -0.4159339162016724, -0.8908638662491882]
第39幅图像的平移向量：
[767.6725358432349;
 -471.2004034518364;
 1092.266614789468]

第40幅图像的旋转向量：
[-1.306027452949123;
 -1.834239747324419;
 -0.9068611761790771]
第40幅图像的旋转矩阵：
[-0.2474499318560444, 0.9584350685828615, -0.1420237675003864;
 0.4690642970587577, 0.2467613218307335, 0.8479902919686768;
 0.847789606240376, 0.1432168612940309, -0.5106287439930052]
第40幅图像的平移向量：
[775.4192562314767;
 -493.5029567827806;
 1190.761761949778]

第41幅图像的旋转向量：
[-0.7930757293891035;
 2.954292022381346;
 0.01823665838770352]
第41幅图像的旋转矩阵：
[-0.862379904640064, -0.5004265016003701, 0.07664343787310982;
 -0.499442171234686, 0.8657223346295134, 0.03289919324250317;
 -0.08281556414936109, -0.009907361891031809, -0.9965156428852401]
第41幅图像的平移向量：
[-1176.716020000644;
 691.8616493702468;
 1688.281915502241]

第42幅图像的旋转向量：
[-1.122072152145619;
 2.34043589540319;
 -1.030799695611828]
第42幅图像的旋转矩阵：
[-0.6266169567005057, -0.5269724568809959, 0.5741526097338613;
 -0.7793265000425567, 0.422593977884888, -0.4626710885573532;
 0.001181485004451366, -0.7373698932993088, -0.6754881527820826]
第42幅图像的平移向量：
[-1219.093409972411;
 666.5856255747292;
 1652.237553487126]

第43幅图像的旋转向量：
[2.8719565099922;
 -1.104352889819792;
 -0.1891433829564241]
第43幅图像的旋转矩阵：
[0.7360373569821245, -0.6632865325813998, -0.1352774364885451;
 -0.6704998143525708, -0.7418304642360656, -0.01084256816771812;
 -0.09316119406671908, 0.09868403126872693, -0.990748431183525]
第43幅图像的平移向量：
[-923.6264471212381;
 -505.3808961582545;
 1272.210875060978]

第44幅图像的旋转向量：
[0.1334924034801946;
 -2.773285561670937;
 0.1703537236974799]
第44幅图像的旋转矩阵：
[-0.9314824700628214, -0.1141889074163024, -0.3454002046738482;
 -0.07105635770569024, 0.9882810541592307, -0.1350983050209045;
 0.3567792062260161, -0.101298822367249, -0.9286803252959236]
第44幅图像的平移向量：
[911.7186239412092;
 233.1014196205004;
 1225.965691447585]

第45幅图像的旋转向量：
[-2.389271519483813;
 0.8307071957145863;
 -0.3105966418532859]
第45幅图像的旋转矩阵：
[0.77848330669108, -0.4908691381822285, 0.3911664995670744;
 -0.6270915046960412, -0.6349026508922021, 0.4512813630409629;
 0.02683255376174007, -0.5966121965483866, -0.8020809815650367]
第45幅图像的平移向量：
[-739.2068582908551;
 -513.7287527013184;
 1271.893472098027]

第46幅图像的旋转向量：
[-2.163609677225558;
 2.077225932457668;
 0.1560863829185836]
第46幅图像的旋转矩阵：
[0.04249698972475691, -0.9988810806947281, 0.02075072274562709;
 -0.9845635022671468, -0.03834014082229842, 0.1707768825256401;
 -0.1697902113426561, -0.02768790768292728, -0.985091195727765]
第46幅图像的平移向量：
[-894.0096241735635;
 -232.2179827637638;
 1295.335029203494]

第47幅图像的旋转向量：
[-1.653944490875242;
 1.604179571970116;
 -0.8149727261166588]
第47幅图像的旋转矩阵：
[0.04257410344678481, -0.5704128558861173, 0.8202539969762696;
 -0.9988278152133218, -0.005374566690713345, 0.04810519295324983;
 -0.02303131068534281, -0.8213405431809211, -0.569973043972594]
第47幅图像的平移向量：
[-832.2104556977586;
 -234.2570445982776;
 1266.539613291246]

第48幅图像的旋转向量：
[-3.093266957290853;
 0.06156374949388042;
 0.07547409161202638]
第48幅图像的旋转矩阵：
[0.9980201601822878, -0.04088454871788134, -0.04779344668314624;
 -0.03860307910536047, -0.9981144211834213, 0.04772215952017583;
 -0.04965442732833435, -0.04578270308554327, -0.9977165839780735]
第48幅图像的平移向量：
[-232.9367442621226;
 -563.0293213291304;
 1274.099244962402]

第49幅图像的旋转向量：
[-2.23344630558948;
 0.2551813797644297;
 -0.05900498086379367]
第49幅图像的旋转矩阵：
[0.9779262000433036, -0.1629566831839862, 0.1307878689884417;
 -0.2038295472682132, -0.6062479040027788, 0.7687112556432828;
 -0.04597676510259386, -0.7784013092858407, -0.6260810960033768]
第49幅图像的平移向量：
[-233.4422560737717;
 -528.5486560444217;
 1245.077300123772]

第50幅图像的旋转向量：
[-2.142425742747849;
 0.1554922682448126;
 0.7367413835455444]
第50幅图像的旋转矩阵：
[0.8192233452314368, -0.3543346300359408, -0.4509102799727529;
 0.1418976478828325, -0.6365823241655599, 0.7580422165587439;
 -0.5556421223711654, -0.6849889886102307, -0.4712238505525795]
第50幅图像的平移向量：
[-251.6161525326911;
 -534.2090518175899;
 1216.070931217515]

第51幅图像的旋转向量：
[-2.531155564512209;
 0.2969498875832268;
 0.1197177680350475]
第51幅图像的旋转矩阵：
[0.9711676350014984, -0.2375191024677295, -0.02044751057024467;
 -0.1852851431239383, -0.8059905705148322, 0.5621820132116616;
 -0.1500094679116546, -0.5421843562886145, -0.8267607170958008]
第51幅图像的平移向量：
[-210.3398986933335;
 -339.5828903992261;
 1179.721611716056]

第52幅图像的旋转向量：
[-0.6415766094273047;
 -2.81501242197947;
 0.5950929202221032]
第52幅图像的旋转矩阵：
[-0.8874501881635335, 0.3729125443438526, -0.2708660144785667;
 0.4506305392759377, 0.825410559740726, -0.3400434162579522;
 0.0967692130813646, -0.423832091917891, -0.900556537514507]
第52幅图像的平移向量：
[1197.875782653288;
 449.8855950689665;
 1551.215660259603]

第53幅图像的旋转向量：
[-0.6037902748629096;
 -2.822789296805565;
 0.6044876031713807]
第53幅图像的旋转矩阵：
[-0.898507256277935, 0.3491024613401487, -0.266105584124323;
 0.4274612008615802, 0.8337022816010174, -0.3495960918134424;
 0.09980797650425027, -0.4278644378065406, -0.8983153069421782]
第53幅图像的平移向量：
[1270.099435828447;
 547.3523497925108;
 1532.537109815896]

第54幅图像的旋转向量：
[-2.100766392679887;
 -1.953987083612958;
 0.1675839690802746]
第54幅图像的旋转矩阵：
[0.08524171634242028, 0.9608683881037219, -0.2635636366002586;
 0.9917149938344583, -0.05630814140879226, 0.1154589286933132;
 0.09610005618582355, -0.271221927494888, -0.957707390201746]
第54幅图像的平移向量：
[557.2544274469175;
 -632.9099531143142;
 1296.270594123237]

第55幅图像的旋转向量：
[-1.911281982839594;
 -1.750218766444458;
 -0.5691384143538759]
第55幅图像的旋转矩阵：
[0.09397525090363723, 0.9954034191569036, -0.01845766367514418;
 0.794165117408138, -0.06377015968763333, 0.6043468648264276;
 0.6003918874449563, -0.0714520808945408, -0.7965074900000143]
第55幅图像的平移向量：
[95.69657293927571;
 -336.404934057999;
 908.4307717316631]

第56幅图像的旋转向量：
[-2.731117386010856;
 -1.482394037311083;
 0.07430576907869089]
第56幅图像的旋转矩阵：
[0.5441104657069592, 0.8370180173451831, -0.05783286044883573;
 0.8386057037217038, -0.5447015019418658, 0.006383374319368192;
 -0.02615864663130543, -0.05197222740862825, -0.9983058713563716]
第56幅图像的平移向量：
[104.1055742989077;
 -9.041134354062962;
 1268.596662808712]

第57幅图像的旋转向量：
[-0.9447889324116892;
 -2.736921995033581;
 1.035065817938389]
第57幅图像的旋转矩阵：
[-0.80916291693294, 0.5239305968244664, -0.2659926757858843;
 0.5688284961084377, 0.5850116471035397, -0.5780964580139006;
 -0.147273608890355, -0.6190784299782724, -0.7713963842669007]
第57幅图像的平移向量：
[378.3199124954661;
 460.0108722632372;
 1246.096251556389]

第58幅图像的旋转向量：
[-0.6537917636284319;
 2.913160287999333;
 -0.3685208003128334]
第58幅图像的旋转矩阵：
[-0.8970809758764445, -0.4027675472064556, 0.1817251376058401;
 -0.4353328283719665, 0.8760734447187799, -0.2073177464671908;
 -0.07570370705738236, -0.265091724457528, -0.9612467562295876]
第58幅图像的平移向量：
[-125.3625019154903;
 44.59741116688797;
 615.274179818435]


