<?xml version="1.0"?>
<opencv_storage>
<zConst>100.</zConst>
<cameraMatrix type_id="opencv-matrix">
  <rows>3</rows>
  <cols>3</cols>
  <dt>d</dt>
  <data>
    6.1516525327850206e+02 0. 6.4283545747446146e+02 0.
    6.1635110325853316e+02 3.6785301934098305e+02 0. 0. 1.</data></cameraMatrix>
<distCoeffs type_id="opencv-matrix">
  <rows>1</rows>
  <cols>5</cols>
  <dt>d</dt>
  <data>
    6.7315010977417808e-02 -2.1822096911372716e-03
    4.8022961085673188e-04 2.3458638300492204e-03
    -1.3032953150121086e-02</data></distCoeffs>
</opencv_storage>
