每幅图像的标定误差：
第1幅图像的平均误差：0.0241735像素
第2幅图像的平均误差：0.0215443像素
第3幅图像的平均误差：0.040267像素
第4幅图像的平均误差：0.0321962像素
第5幅图像的平均误差：0.020146像素
第6幅图像的平均误差：0.0180261像素
第7幅图像的平均误差：0.0179622像素
第8幅图像的平均误差：0.0171862像素
第9幅图像的平均误差：0.051418像素
第10幅图像的平均误差：0.021289像素
总体平均误差：0.0264209像素

相机内参数矩阵：
[507.1501487846627, 0, 334.5869607193684;
 0, 507.0459058484448, 335.3024217997215;
 0, 0, 1]

畸变系数：
[-0.3491126737188567, 0.2455905578676141, 0.0003891950477147738, -0.0003581922873927717, -0.1787643902012398]


第1幅图像的旋转向量：
[0.9426144676972;
 3.03385911646243;
 0.5027794966066855]
第1幅图像的旋转矩阵：
[-0.8256714510206939, 0.5637625056601854, 0.02094020489707264;
 0.5403788684530384, 0.7796725960822631, 0.3163879287326856;
 0.1620411475483798, 0.2725481244296032, -0.9483987486132137]
第1幅图像的平移向量：
[182.7018346437785;
 -214.3988483833743;
 449.2423028754612]

第2幅图像的旋转向量：
[1.325457504510074;
 2.563578051313995;
 0.4408967111279382]
第2幅图像的旋转矩阵：
[-0.568241460222036, 0.7542663429681811, 0.3289132511014641;
 0.8208135846579436, 0.547760848222307, 0.1619355192530539;
 -0.05802328951124006, 0.3619949406002601, -0.930372485004855]
第2幅图像的平移向量：
[15.9800225863234;
 -176.1097363521042;
 515.3366518724649]

第3幅图像的旋转向量：
[1.079794703887303;
 2.78124955328548;
 1.503767220471635]
第3幅图像的旋转矩阵：
[-0.7733411849614052, 0.6219234285934934, 0.1231042672249979;
 0.4435639561835358, 0.3920248962942811, 0.8059575035076409;
 0.4529839162898611, 0.6778847465845304, -0.5790318142647495]
第3幅图像的平移向量：
[237.6076374934611;
 -258.0601330188186;
 508.9543609375971]

第4幅图像的旋转向量：
[-2.171269294294537;
 -1.032986534696318;
 0.2131011001618337]
第4幅图像的旋转矩阵：
[0.6665173009540566, 0.6136244280148776, -0.4233435352905883;
 0.731065258076994, -0.4268373788733658, 0.5323095344152057;
 0.1459392886159775, -0.6642852650329744, -0.7330939985420243]
第4幅图像的平移向量：
[183.2902038493807;
 -364.8932600713693;
 962.2160675527238]

第5幅图像的旋转向量：
[-1.816399432748104;
 -2.328799549138912;
 -0.4269536813565412]
第5幅图像的旋转矩阵：
[-0.2512009796031152, 0.9666058591392517, 0.05070681338936767;
 0.9217275715301785, 0.2228879592903779, 0.3173944572364963;
 0.2954934038646459, 0.1264676665438227, -0.9469369448867467]
第5幅图像的平移向量：
[-70.28985689311054;
 -220.4031927950375;
 389.5836550500615]

第6幅图像的旋转向量：
[-2.575172256241832;
 -1.664652868446964;
 -0.7516171203226222]
第6幅图像的旋转矩阵：
[0.3306661138539969, 0.8563959626701073, 0.3965424016054713;
 0.8637965936677642, -0.4438924176674247, 0.2383589022993177;
 0.3801517669519138, 0.2637147638258208, -0.8865320961046077]
第6幅图像的平移向量：
[-323.4637819530724;
 -24.68260374227843;
 597.0075041781555]

第7幅图像的旋转向量：
[-1.836248622841038;
 -2.300435661827231;
 -0.03385634125039487]
第7幅图像的旋转矩阵：
[-0.2098062774312865, 0.9677417779915812, -0.139488985515414;
 0.9632177113981258, 0.2290749235564217, 0.1404860129926697;
 0.1679076126903808, -0.104883413976248, -0.9802073775856331]
第7幅图像的平移向量：
[-32.73512182306261;
 -73.4855222459569;
 637.6263661609615]

第8幅图像的旋转向量：
[1.824492571118773;
 2.431737040429895;
 -0.4504458470364859]
第8幅图像的旋转矩阵：
[-0.2936156677102008, 0.9483859784427366, -0.1198076607246223;
 0.9283751170309382, 0.2530337677317198, -0.2722013123871408;
 -0.2278365241854008, -0.1911490211345675, -0.9547526223930531]
第8幅图像的平移向量：
[-43.6957233447339;
 -56.02563301003961;
 854.6315528718167]

第9幅图像的旋转向量：
[-1.640381339871369;
 -1.69737988118553;
 0.5734596431708607]
第9幅图像的旋转矩阵：
[0.04434083691129242, 0.6746332139844163, -0.7368201386845112;
 0.9832656287758686, 0.1009808269481833, 0.1516297327599581;
 0.1766991608638859, -0.731213306209561, -0.6588660769625957]
第9幅图像的平移向量：
[438.7740556789378;
 -258.2441031293337;
 1044.492323791008]

第10幅图像的旋转向量：
[-2.163872850918362;
 -1.760300508938939;
 -0.2713016067656974]
第10幅图像的旋转矩阵：
[0.2152377951762119, 0.9744864015248702, -0.0636313191030356;
 0.9101063538954466, -0.176538855654634, 0.3748872591103735;
 0.3540891358497447, -0.1386011749129915, -0.9248840998665289]
第10幅图像的平移向量：
[-45.34337390414842;
 -106.3563587134637;
 435.7899295961689]


