<?xml version="1.0"?>
<opencv_storage>
<s>100.</s>
<rotation_matrix type_id="opencv-matrix">
  <rows>3</rows>
  <cols>3</cols>
  <dt>d</dt>
  <data>
    2.1523779517621189e-01 9.7448640152487020e-01
    -6.3631319103035600e-02 9.1010635389544658e-01
    -1.7653885565463401e-01 3.7488725911037346e-01
    3.5408913584974466e-01 -1.3860117491299154e-01
    -9.2488409986652886e-01</data></rotation_matrix>
<tvecsMat type_id="opencv-matrix">
  <rows>3</rows>
  <cols>1</cols>
  <dt>d</dt>
  <data>
    1.8270183464377851e+02 -2.1439884838337426e+02
    4.4924230287546118e+02</data></tvecsMat>
</opencv_storage>
