<?xml version="1.0"?>
<opencv_storage>
<Homo_cam2base type_id="opencv-matrix">
  <rows>4</rows>
  <cols>4</cols>
  <dt>d</dt>
  <data>
    1.9912169372920674e-02 9.8879348434382275e-01 1.4795590839863740e-01
    2.9234876056522040e+02 9.9979137408093210e-01
    -2.0366374327080800e-02 1.5553488774510127e-03
    3.5265011600067993e+02 4.5512442502551598e-03 1.4789407059098442e-01
    -9.8899273508949670e-01 1.3245852388793364e+03 0. 0. 0. 1.</data></Homo_cam2base>
</opencv_storage>
